4294967279,68
4294967279,67
4294967279,64
4294967279,62
4294967279,60
4294967279,59
4294967279,57
4294967279,55
4294967279,54
4294967279,52
4294967279,51
4294967279,50
4294967279,48
4294967279,47
4294967279,46
4294967279,44
4294967279,43
4294967279,42
4294967279,41
4294967279,40
4294967279,37
4294967279,36
4294967279,35
4294967279,32
4294967279,30
4294967279,29
4294967279,27
4294967279,26
4294967279,25
4294967279,23
4294967279,22
4294967279,21
4294967279,19
4294967279,18
4294967279,17
4294967279,16
4294967279,15
4294967279,13
4294967279,11
4294967279,10
4294967279,9
4294967278,132
4294967278,131
4294967278,128
4294967278,127
4294967278,126
4294967278,125
4294967278,122
4294967278,121
4294967278,120
4294967278,119
4294967278,118
4294967278,117
4294967278,116
4294967278,114
4294967278,113
4294967278,110
4294967278,109
4294967278,108
4294967278,107
4294967278,106
4294967278,105
4294967278,104
4294967278,101
4294967278,100
4294967278,99
4294967278,98
4294967278,97
4294967278,96
4294967278,83
4294967278,82
4294967278,81
4294967278,80
4294967278,79
4294967278,78
4294967278,77
4294967278,76
4294967278,75
4294967278,74
4294967278,73
4294967278,528
4294967278,72
4294967278,71
4294967278,70
4294967278,223
4294967278,69
4294967278,68
4294967278,67
4294967278,66
4294967278,65
4294967278,64
4294967278,63
4294967279,78
4294967279,433
4294967279,73
4294967279,422
4294967279,69
4294967279,66
4294967279,65
4294967279,63
4294967279,61
4294967279,430
4294967279,58
4294967279,56
4294967279,53
4294967279,367
4294967279,49
4294967279,362
4294967279,45
4294967279,0
4294967279,329
4294967279,39
4294967279,38
4294967279,34
4294967279,33
4294967279,31
4294967279,28
4294967279,387
4294967279,24
4294967279,351
4294967279,331
4294967279,20
4294967279,395
4294967279,418
4294967279,14
4294967279,12
4294967279,7
4294967279,6
4294967279,428
4294967279,5
4294967279,350
4294967279,4
4294967294,418
4294967294,5
4294967279,282
4294967279,8
4294967294,470
4294967294,85
4294967294,82
4294967294,1414
4294967294,83
4294967279,277
4294967294,92
4294967294,91
4294967294,88
4294967294,87
4294967279,411
4294967279,370
947,5
4294967294,99
4294967294,107
4294967279,259
4294967279,258
947,4
947,3
947,2
947,1
4294967278,338
4294967278,0
4294967279,276
4294967278,130
4294967279,256
4294967278,321
946,4
4294967278,324
946,3
946,2
946,1
4294967294,438
4294967278,329
4294967278,323
4294967294,199
4294967278,129
4294967278,570
4294967278,530
4294967278,529
945,5
4294967278,124
4294967278,527
945,4
4294967278,560
945,3
945,2
945,1
4294967278,546
4294967294,392
4294967278,317
4294967278,123
4294967278,540
4294967278,253
4294967278,250
944,4
944,3
944,2
944,1
4294967278,248
4294967278,246
4294967278,244
943,4
943,3
943,2
943,1
4294967278,242
4294967294,1416
4294967278,240
4294967278,115
4294967278,238
4294967278,298
4294967278,237
942,6
4294967278,111
4294967278,232
4294967278,112
4294967278,556
4294967278,515
942,5
4294967278,230
4294967278,228
942,4
942,3
942,2
942,1
4294967278,226
4294967278,224
4294967278,222
941,4
941,3
941,2
941,1
4294967278,220
4294967294,8
4294967294,1417
4294967278,214
4294967278,103
4294967278,559
4294967278,333
4294967278,102
940,5
4294967278,213
4294967278,212
940,4
940,3
940,2
940,1
4294967278,211
4294967278,95
4294967278,209
939,4
4294967278,208
939,3
939,2
939,1
4294967278,287
0,7
4294967278,207
4294967294,11
4294967294,0
4294967294,388
4294967294,120
4294967278,94
4294967278,550
4294967294,129
4294967294,387
4294967278,93
4294967278,575
4294967294,7
4294967294,6
4294967294,22
4294967294,81
4294967294,417
4294967294,510
4294967294,999
4294967294,185
4294967294,128
4294967294,153
4294967294,400
4294967294,150
4294967294,406
4294967294,178
4294967294,177
4294967294,385
4294967294,402
4294967294,419
4294967294,1016
4294967294,190
4294967294,467
4294967294,2
4294967278,92
4294967278,537
4294967279,442
4294967279,260
4294967278,91
4294967278,305
4294967279,443
4294967278,332
4294967278,90
4294967278,89
4294967278,524
4294967294,89
4294967294,1413
4294967294,996
4294967294,1
4294967294,46
4294967278,87
4294967278,318
4294967279,87
4294967278,86
4294967278,282
4294967279,86
4294967279,424
4294967294,50
4294967294,90
4294967294,86
4294967294,84
4294967294,29
4294967294,151
4294967294,28
4294967294,1017
4294967294,27
4294967294,45
4294967294,44
4294967294,96
4294967294,94
4294967278,328
4294967278,260
4294967278,84
4294967294,9
4294967278,197
4294967278,85
4294967278,293
4294967279,357
4294967294,93
4294967294,95
4294967278,196
4294967279,197
4294967279,196
4294967278,194
4294967279,195
4294967279,194
4294967294,205
4294967278,192
4294967278,191
4294967294,68
